testLogisticClassify
lc
    0.0864    0.0165   -2.7440    3.0158   -0.2608
   -2.2749   -4.0956   -5.8012    8.5345    5.7429

     0
     0
     0
     0
     0
     0
     0
     0
     0
     0
     1
     1
     1
     1
     1
     1
     1
     1
     1
     1
     2
     2
     2
     2
     2
     2
     2
     2
     2
     2

    0.9963    0.0037    0.0000
    0.9095    0.0905    0.0000
    0.9914    0.0086    0.0000
    0.9916    0.0084    0.0000
    0.9903    0.0097    0.0000
    0.9806    0.0194    0.0000
    0.9959    0.0041    0.0000
    0.9884    0.0116    0.0000
    0.9960    0.0040    0.0000
    0.9911    0.0089    0.0000
    0.0020    0.8069    0.1911
    0.0040    0.9403    0.0557
    0.0081    0.9844    0.0075
    0.0279    0.9690    0.0031
    0.0057    0.9294    0.0650
    0.0132    0.9769    0.0099
    0.0102    0.9655    0.0243
    0.0076    0.9868    0.0055
    0.1119    0.8878    0.0004
    0.0105    0.9704    0.0191
    0.0000    0.0027    0.9973
    0.0002    0.1492    0.8506
    0.0000    0.0061    0.9939
    0.0000    0.0019    0.9981
    0.0000    0.0016    0.9984
    0.0000    0.0316    0.9683
    0.0000    0.0436    0.9564
    0.0001    0.0800    0.9199
    0.0000    0.0047    0.9953
    0.0000    0.0408    0.9591

    10     0     0     0    10     0     0     0    10

    10     0     0
     0    10     0
     0     0    10

     0

 
lc2
    0.7251    0.0230   -3.0386    3.1420   -0.4285
   -2.8385   -4.0010   -6.2148    8.6997    6.0357

     0
     0
     0
     0
     0
     0
     0
     0
     0
     0
     1
     1
     1
     1
     1
     1
     1
     1
     1
     1
     2
     2
     2
     2
     2
     2
     2
     2
     2
     2

    0.9971    0.0029    0.0000
    0.9006    0.0994    0.0000
    0.9926    0.0074    0.0000
    0.9935    0.0065    0.0000
    0.9926    0.0074    0.0000
    0.9822    0.0178    0.0000
    0.9969    0.0031    0.0000
    0.9898    0.0102    0.0000
    0.9969    0.0031    0.0000
    0.9924    0.0076    0.0000
    0.0016    0.8497    0.1487
    0.0035    0.9503    0.0462
    0.0066    0.9878    0.0056
    0.0220    0.9760    0.0020
    0.0048    0.9447    0.0505
    0.0118    0.9811    0.0071
    0.0090    0.9726    0.0184
    0.0066    0.9890    0.0044
    0.0997    0.9001    0.0002
    0.0091    0.9763    0.0146
    0.0000    0.0019    0.9981
    0.0002    0.1154    0.8844
    0.0000    0.0058    0.9942
    0.0000    0.0014    0.9986
    0.0000    0.0011    0.9989
    0.0000    0.0238    0.9762
    0.0000    0.0386    0.9614
    0.0001    0.0704    0.9295
    0.0000    0.0038    0.9962
    0.0000    0.0413    0.9587

    10     0     0     0    10     0     0     0    10

    10     0     0
     0    10     0
     0     0    10

     0

 
lc3
   -8.2363   -0.7385   -5.0095    8.1683    2.9879
  -30.6542   -5.4413   -9.1925   17.7681   12.8659

     0
     0
     0
     0
     0
     0
     0
     0
     0
     0
     1
     1
     1
     1
     1
     1
     1
     1
     1
     1
     2
     2
     2
     2
     2
     2
     2
     2
     2
     2

    1.0000    0.0000    0.0000
    1.0000    0.0000    0.0000
    1.0000    0.0000    0.0000
    1.0000    0.0000    0.0000
    1.0000    0.0000    0.0000
    1.0000    0.0000    0.0000
    1.0000    0.0000    0.0000
    1.0000    0.0000    0.0000
    1.0000    0.0000    0.0000
    1.0000    0.0000    0.0000
    0.0000    0.9937    0.0063
    0.0000    0.9965    0.0035
    0.0000    0.9999    0.0000
    0.0015    0.9985    0.0000
    0.0000    0.9990    0.0010
    0.0000    0.9999    0.0001
    0.0000    0.9997    0.0003
    0.0000    0.9999    0.0001
    0.0368    0.9632    0.0000
    0.0000    0.9998    0.0002
    0.0000    0.0000    1.0000
    0.0000    0.0210    0.9790
    0.0000    0.0012    0.9988
    0.0000    0.0000    1.0000
    0.0000    0.0000    1.0000
    0.0000    0.0021    0.9979
    0.0000    0.0139    0.9861
    0.0000    0.0157    0.9843
    0.0000    0.0002    0.9998
    0.0000    0.0175    0.9825

    10     0     0     0    10     0     0     0    10

    10     0     0
     0    10     0
     0     0    10

     0

 
ilc
    0.4306   -0.4736   -2.0935    3.7829   -2.1340
   -1.7226   -2.5255   -3.7530    5.2098    5.5123

     0
     0
     0
     0
     0
     0
     0
     0
     0
     0
     0
     0
     0
     0
     0
     0
     0
     0
     0
     0
     0
     0
     0
     0
     0
     0
     0
     0
     0
     0
     0
     0
     0
     0
     0
     0
     0
     0
     0
     0
     1
     1
     1
     1
     1
     1
     1
     1
     1
     1
     1
     1
     1
     1
     1
     1
     1
     1
     1
     1
     2
     1
     1
     1
     1
     1
     1
     1
     1
     1
     1
     1
     1
     2
     1
     1
     1
     1
     1
     1
     2
     2
     2
     2
     2
     2
     2
     2
     2
     2
     2
     2
     2
     2
     2
     2
     2
     2
     2
     2
     2
     2
     2
     2
     2
     2
     2
     2
     2
     1
     2
     1
     2
     1
     1
     2
     2
     2
     2
     2

    0.9884    0.0116    0.0000
    0.9645    0.0355    0.0000
    0.9821    0.0179    0.0000
    0.9521    0.0479    0.0000
    0.9901    0.0099    0.0000
    0.9911    0.0089    0.0000
    0.9854    0.0146    0.0000
    0.9783    0.0217    0.0000
    0.9456    0.0544    0.0000
    0.9488    0.0512    0.0000
    0.9903    0.0097    0.0000
    0.9656    0.0344    0.0000
    0.9544    0.0456    0.0000
    0.9809    0.0191    0.0000
    0.9986    0.0014    0.0000
    0.9987    0.0013    0.0000
    0.9980    0.0020    0.0000
    0.9906    0.0094    0.0000
    0.9883    0.0117    0.0000
    0.9927    0.0073    0.0000
    0.9623    0.0377    0.0000
    0.9927    0.0073    0.0000
    0.9973    0.0027    0.0000
    0.9715    0.0285    0.0000
    0.9003    0.0997    0.0000
    0.9304    0.0696    0.0000
    0.9793    0.0207    0.0000
    0.9839    0.0161    0.0000
    0.9864    0.0136    0.0000
    0.9463    0.0537    0.0000
    0.9374    0.0626    0.0000
    0.9882    0.0118    0.0000
    0.9943    0.0057    0.0000
    0.9978    0.0022    0.0000
    0.9582    0.0418    0.0000
    0.9893    0.0107    0.0000
    0.9934    0.0066    0.0000
    0.9872    0.0128    0.0000
    0.9690    0.0310    0.0000
    0.9793    0.0207    0.0000
    0.0054    0.9827    0.0119
    0.0101    0.9279    0.0620
    0.0023    0.9501    0.0476
    0.0039    0.8298    0.1663
    0.0030    0.8886    0.1084
    0.0020    0.8924    0.1056
    0.0062    0.8291    0.1648
    0.0306    0.9489    0.0205
    0.0028    0.9793    0.0179
    0.0123    0.7286    0.2591
    0.0065    0.9503    0.0432
    0.0148    0.8425    0.1427
    0.0025    0.9890    0.0085
    0.0017    0.8865    0.1118
    0.0701    0.8992    0.0306
    0.0116    0.9716    0.0167
    0.0033    0.6729    0.3238
    0.0044    0.9891    0.0064
    0.0008    0.6531    0.3461
    0.0069    0.9717    0.0214
    0.0014    0.2602    0.7384
    0.0169    0.9586    0.0245
    0.0004    0.6827    0.3169
    0.0010    0.9678    0.0312
    0.0079    0.9747    0.0175
    0.0090    0.9669    0.0241
    0.0014    0.9594    0.0392
    0.0013    0.6774    0.3213
    0.0038    0.7970    0.1992
    0.0324    0.9638    0.0038
    0.0077    0.9656    0.0267
    0.0092    0.9798    0.0109
    0.0141    0.9642    0.0217
    0.0001    0.3620    0.6378
    0.0026    0.5781    0.4193
    0.0135    0.7993    0.1872
    0.0045    0.9421    0.0535
    0.0014    0.9344    0.0642
    0.0135    0.9316    0.0549
    0.0062    0.8689    0.1249
    0.0000    0.0008    0.9992
    0.0000    0.0366    0.9634
    0.0000    0.0586    0.9414
    0.0000    0.1345    0.8655
    0.0000    0.0097    0.9903
    0.0000    0.0601    0.9399
    0.0001    0.0446    0.9553
    0.0000    0.3082    0.6918
    0.0000    0.1203    0.8797
    0.0000    0.0073    0.9927
    0.0005    0.1456    0.8539
    0.0000    0.0891    0.9109
    0.0000    0.0562    0.9438
    0.0000    0.0118    0.9882
    0.0000    0.0010    0.9990
    0.0000    0.0104    0.9895
    0.0001    0.2418    0.7581
    0.0000    0.1068    0.8932
    0.0000    0.0057    0.9943
    0.0001    0.3802    0.6198
    0.0000    0.0163    0.9837
    0.0000    0.0181    0.9819
    0.0000    0.0950    0.9050
    0.0004    0.2324    0.7673
    0.0000    0.0566    0.9434
    0.0000    0.4781    0.5219
    0.0007    0.2512    0.7481
    0.0006    0.2483    0.7511
    0.0000    0.0160    0.9840
    0.0001    0.8013    0.1986
    0.0000    0.2230    0.7770
    0.0001    0.5607    0.4392
    0.0000    0.0075    0.9925
    0.0003    0.7268    0.2728
    0.0000    0.5717    0.4283
    0.0000    0.0336    0.9664
    0.0000    0.0036    0.9964
    0.0001    0.2347    0.7652
    0.0009    0.2367    0.7624
    0.0001    0.0905    0.9093

    40     0     0     0    38     4     0     2    36

    40     0     0
     0    38     2
     0     4    36

    0.0500

 
ilc2
    0.6497   -0.3343   -2.4636    4.2155   -3.4316
   -1.8585   -2.3628   -3.2414    4.6169    5.7687

     0
     0
     0
     0
     0
     0
     0
     0
     0
     0
     0
     0
     0
     0
     0
     0
     0
     0
     0
     0
     0
     0
     0
     0
     0
     0
     0
     0
     0
     0
     0
     0
     0
     0
     0
     0
     0
     0
     0
     0
     1
     1
     1
     1
     1
     1
     1
     1
     1
     1
     1
     1
     1
     1
     1
     1
     1
     1
     1
     1
     2
     1
     1
     1
     1
     1
     1
     1
     1
     1
     1
     1
     1
     1
     1
     1
     1
     1
     1
     1
     2
     2
     2
     2
     2
     2
     2
     1
     2
     2
     2
     2
     2
     2
     2
     2
     2
     2
     2
     1
     2
     2
     2
     2
     2
     1
     2
     2
     2
     1
     2
     1
     2
     1
     1
     2
     2
     2
     2
     2

    0.9886    0.0114    0.0000
    0.9594    0.0406    0.0000
    0.9822    0.0178    0.0000
    0.9473    0.0527    0.0000
    0.9908    0.0092    0.0000
    0.9931    0.0069    0.0000
    0.9878    0.0122    0.0000
    0.9773    0.0227    0.0000
    0.9399    0.0601    0.0000
    0.9337    0.0663    0.0000
    0.9904    0.0096    0.0000
    0.9635    0.0365    0.0000
    0.9420    0.0580    0.0000
    0.9799    0.0201    0.0000
    0.9989    0.0011    0.0000
    0.9992    0.0008    0.0000
    0.9987    0.0013    0.0000
    0.9919    0.0081    0.0000
    0.9888    0.0112    0.0000
    0.9941    0.0059    0.0000
    0.9549    0.0451    0.0000
    0.9946    0.0054    0.0000
    0.9980    0.0020    0.0000
    0.9767    0.0233    0.0000
    0.8816    0.1184    0.0000
    0.9133    0.0867    0.0000
    0.9825    0.0175    0.0000
    0.9833    0.0167    0.0000
    0.9859    0.0141    0.0000
    0.9397    0.0603    0.0000
    0.9265    0.0735    0.0000
    0.9899    0.0101    0.0000
    0.9946    0.0054    0.0000
    0.9982    0.0018    0.0000
    0.9521    0.0479    0.0000
    0.9894    0.0106    0.0000
    0.9934    0.0066    0.0000
    0.9866    0.0134    0.0000
    0.9683    0.0317    0.0000
    0.9780    0.0220    0.0000
    0.0043    0.9840    0.0117
    0.0106    0.9051    0.0844
    0.0019    0.9570    0.0411
    0.0034    0.8656    0.1310
    0.0027    0.9000    0.0973
    0.0016    0.9214    0.0770
    0.0068    0.7716    0.2216
    0.0266    0.9519    0.0215
    0.0019    0.9853    0.0128
    0.0134    0.6615    0.3250
    0.0045    0.9691    0.0264
    0.0166    0.7766    0.2067
    0.0013    0.9950    0.0037
    0.0014    0.9133    0.0853
    0.0823    0.8609    0.0568
    0.0106    0.9691    0.0203
    0.0035    0.6422    0.3543
    0.0027    0.9934    0.0039
    0.0007    0.7661    0.2332
    0.0050    0.9792    0.0158
    0.0014    0.1789    0.8197
    0.0156    0.9554    0.0290
    0.0003    0.8120    0.1876
    0.0006    0.9836    0.0158
    0.0064    0.9768    0.0169
    0.0080    0.9652    0.0268
    0.0010    0.9743    0.0248
    0.0013    0.6859    0.3128
    0.0038    0.7875    0.2087
    0.0249    0.9710    0.0040
    0.0057    0.9743    0.0200
    0.0062    0.9860    0.0077
    0.0121    0.9656    0.0223
    0.0002    0.5028    0.4970
    0.0028    0.5456    0.4517
    0.0160    0.6783    0.3057
    0.0041    0.9401    0.0558
    0.0009    0.9652    0.0339
    0.0136    0.9179    0.0685
    0.0056    0.8803    0.1141
    0.0000    0.0005    0.9995
    0.0000    0.0409    0.9590
    0.0000    0.0798    0.9202
    0.0000    0.2201    0.7798
    0.0000    0.0105    0.9895
    0.0000    0.1530    0.8470
    0.0001    0.0450    0.9549
    0.0000    0.6184    0.3816
    0.0000    0.3005    0.6995
    0.0000    0.0039    0.9961
    0.0005    0.0940    0.9055
    0.0001    0.1174    0.8825
    0.0000    0.0525    0.9474
    0.0000    0.0122    0.9878
    0.0000    0.0005    0.9995
    0.0000    0.0049    0.9950
    0.0001    0.3227    0.6772
    0.0000    0.1363    0.8637
    0.0000    0.0223    0.9777
    0.0001    0.6417    0.3582
    0.0000    0.0115    0.9885
    0.0000    0.0131    0.9869
    0.0000    0.3134    0.6866
    0.0004    0.2423    0.7573
    0.0000    0.0501    0.9499
    0.0001    0.6533    0.3467
    0.0007    0.2270    0.7723
    0.0007    0.2120    0.7873
    0.0000    0.0198    0.9802
    0.0001    0.9166    0.0833
    0.0000    0.4422    0.5578
    0.0001    0.6270    0.3729
    0.0000    0.0080    0.9920
    0.0003    0.8343    0.1654
    0.0000    0.8552    0.1448
    0.0000    0.0412    0.9588
    0.0000    0.0017    0.9983
    0.0001    0.2960    0.7039
    0.0009    0.1861    0.8130
    0.0001    0.0709    0.9289

    40     0     0     0    39     7     0     1    33

    40     0     0
     0    39     1
     0     7    33

    0.0667

 
ilc3
  -17.1375    0.7297   -7.1510   12.2346    3.7204
  -53.7274    1.1889   -9.0117   17.6823   11.9106

     0
     0
     0
     0
     0
     0
     0
     0
     0
     0
     0
     0
     0
     0
     0
     0
     0
     0
     0
     0
     0
     0
     0
     0
     0
     0
     0
     0
     0
     0
     0
     0
     0
     0
     0
     0
     0
     0
     0
     0
     1
     1
     1
     1
     1
     1
     1
     1
     1
     1
     1
     1
     1
     1
     1
     1
     1
     1
     1
     1
     2
     1
     2
     1
     1
     1
     1
     2
     1
     1
     1
     1
     1
     2
     1
     1
     1
     1
     1
     1
     2
     2
     2
     2
     2
     2
     1
     2
     2
     2
     2
     2
     2
     2
     2
     2
     2
     2
     2
     2
     2
     2
     2
     2
     2
     2
     2
     2
     2
     2
     2
     2
     2
     2
     2
     2
     2
     2
     2
     2

    1.0000    0.0000    0.0000
    1.0000    0.0000    0.0000
    1.0000    0.0000    0.0000
    1.0000    0.0000    0.0000
    1.0000    0.0000    0.0000
    1.0000    0.0000    0.0000
    1.0000    0.0000    0.0000
    1.0000    0.0000    0.0000
    1.0000    0.0000    0.0000
    1.0000    0.0000    0.0000
    1.0000    0.0000    0.0000
    1.0000    0.0000    0.0000
    1.0000    0.0000    0.0000
    1.0000    0.0000    0.0000
    1.0000    0.0000    0.0000
    1.0000    0.0000    0.0000
    1.0000    0.0000    0.0000
    1.0000    0.0000    0.0000
    1.0000    0.0000    0.0000
    1.0000    0.0000    0.0000
    1.0000    0.0000    0.0000
    1.0000    0.0000    0.0000
    1.0000    0.0000    0.0000
    1.0000    0.0000    0.0000
    1.0000    0.0000    0.0000
    1.0000    0.0000    0.0000
    1.0000    0.0000    0.0000
    1.0000    0.0000    0.0000
    1.0000    0.0000    0.0000
    1.0000    0.0000    0.0000
    1.0000    0.0000    0.0000
    1.0000    0.0000    0.0000
    1.0000    0.0000    0.0000
    1.0000    0.0000    0.0000
    1.0000    0.0000    0.0000
    1.0000    0.0000    0.0000
    1.0000    0.0000    0.0000
    1.0000    0.0000    0.0000
    1.0000    0.0000    0.0000
    1.0000    0.0000    0.0000
    0.0000    0.9055    0.0945
    0.0000    0.9430    0.0570
    0.0000    0.5525    0.4475
    0.0000    0.9973    0.0027
    0.0000    0.8131    0.1869
    0.0000    0.9824    0.0176
    0.0000    0.7557    0.2443
    0.0000    1.0000    0.0000
    0.0000    0.9626    0.0374
    0.0000    0.9985    0.0015
    0.0000    1.0000    0.0000
    0.0000    0.9866    0.0134
    0.0000    0.9996    0.0004
    0.0000    0.8923    0.1077
    0.0000    0.9999    0.0001
    0.0000    0.9791    0.0209
    0.0000    0.9427    0.0573
    0.0000    0.9998    0.0002
    0.0000    0.7382    0.2618
    0.0000    0.9998    0.0002
    0.0000    0.2580    0.7420
    0.0000    0.9986    0.0014
    0.0000    0.3475    0.6525
    0.0000    0.9725    0.0275
    0.0000    0.9931    0.0069
    0.0000    0.9760    0.0240
    0.0000    0.7431    0.2569
    0.0000    0.1124    0.8876
    0.0000    0.9192    0.0808
    0.0000    1.0000    0.0000
    0.0000    0.9999    0.0001
    0.0000    1.0000    0.0000
    0.0000    0.9996    0.0004
    0.0000    0.1162    0.8838
    0.0000    0.9475    0.0525
    0.0000    0.9271    0.0729
    0.0000    0.8009    0.1991
    0.0000    0.9664    0.0336
    0.0000    0.9987    0.0013
    0.0000    0.9981    0.0019
    0.0000    0.0000    1.0000
    0.0000    0.0122    0.9878
    0.0000    0.0000    1.0000
    0.0000    0.0021    0.9979
    0.0000    0.0000    1.0000
    0.0000    0.0000    1.0000
    0.0000    0.6350    0.3650
    0.0000    0.0000    1.0000
    0.0000    0.0003    0.9997
    0.0000    0.0000    1.0000
    0.0000    0.0099    0.9901
    0.0000    0.0031    0.9969
    0.0000    0.0003    0.9997
    0.0000    0.0067    0.9933
    0.0000    0.0002    0.9998
    0.0000    0.0003    0.9997
    0.0000    0.0040    0.9960
    0.0000    0.0000    1.0000
    0.0000    0.0000    1.0000
    0.0000    0.1686    0.8314
    0.0000    0.0000    1.0000
    0.0000    0.0209    0.9791
    0.0000    0.0000    1.0000
    0.0000    0.0621    0.9379
    0.0000    0.0002    0.9998
    0.0000    0.0003    0.9997
    0.0000    0.1258    0.8742
    0.0000    0.1126    0.8874
    0.0000    0.0001    0.9999
    0.0000    0.0029    0.9971
    0.0000    0.0000    1.0000
    0.0000    0.0000    1.0000
    0.0000    0.0001    0.9999
    0.0000    0.2384    0.7616
    0.0000    0.0340    0.9660
    0.0000    0.0000    1.0000
    0.0000    0.0000    1.0000
    0.0000    0.0050    0.9950
    0.0000    0.1863    0.8137
    0.0000    0.0006    0.9994

    40     0     0     0    36     1     0     4    39

    40     0     0
     0    36     4
     0     1    39

    0.0417

 
bc
   -0.6747   -0.6837   -2.7211    4.1090    1.7823

     0
     0
     0
     0
     0
     0
     0
     0
     0
     0
     1
     1
     1
     1
     1
     1
     1
     1
     1
     1

    0.9996    0.0004
    0.9842    0.0158
    0.9988    0.0012
    0.9975    0.0025
    0.9975    0.0025
    0.9971    0.0029
    0.9995    0.0005
    0.9984    0.0016
    0.9996    0.0004
    0.9991    0.0009
    0.0002    0.9998
    0.0002    0.9998
    0.0010    0.9990
    0.0068    0.9932
    0.0004    0.9996
    0.0013    0.9987
    0.0008    0.9992
    0.0008    0.9992
    0.0348    0.9652
    0.0009    0.9991

     1

    10     0     0    10

    10     0
     0    10

     0

tpr
  Columns 1 through 11

         0    0.1000    0.2000    0.3000    0.4000    0.5000    0.6000    0.7000    0.8000    0.9000    1.0000

  Columns 12 through 21

    1.0000    1.0000    1.0000    1.0000    1.0000    1.0000    1.0000    1.0000    1.0000    1.0000

fpr
  Columns 1 through 11

         0         0         0         0         0         0         0         0         0         0         0

  Columns 12 through 21

    0.1000    0.2000    0.3000    0.4000    0.5000    0.6000    0.7000    0.8000    0.9000    1.0000

tnr
  Columns 1 through 11

    1.0000    1.0000    1.0000    1.0000    1.0000    1.0000    1.0000    1.0000    1.0000    1.0000    1.0000

  Columns 12 through 21

    1.0000    0.9000    0.8000    0.7000    0.6000    0.5000    0.4000    0.3000    0.2000    0.1000

  Columns 1 through 11

         0         0         0         0         0         0         0         0         0         0         0

  Columns 12 through 21

    0.1000    0.2000    0.3000    0.4000    0.5000    0.6000    0.7000    0.8000    0.9000    1.0000

 
bc2
   -1.0658   -0.7088   -3.1138    4.5974    2.3372

     0
     0
     0
     0
     0
     0
     0
     0
     0
     0
     1
     1
     1
     1
     1
     1
     1
     1
     1
     1

    0.9999    0.0001
    0.9913    0.0087
    0.9995    0.0005
    0.9988    0.0012
    0.9989    0.0011
    0.9987    0.0013
    0.9998    0.0002
    0.9994    0.0006
    0.9999    0.0001
    0.9997    0.0003
    0.0000    1.0000
    0.0001    0.9999
    0.0004    0.9996
    0.0032    0.9968
    0.0001    0.9999
    0.0005    0.9995
    0.0003    0.9997
    0.0002    0.9998
    0.0199    0.9801
    0.0003    0.9997

     1

    10     0     0    10

    10     0
     0    10

     0

tpr
  Columns 1 through 11

         0    0.1000    0.2000    0.3000    0.4000    0.5000    0.6000    0.7000    0.8000    0.9000    1.0000

  Columns 12 through 21

    1.0000    1.0000    1.0000    1.0000    1.0000    1.0000    1.0000    1.0000    1.0000    1.0000

fpr
  Columns 1 through 11

         0         0         0         0         0         0         0         0         0         0         0

  Columns 12 through 21

    0.1000    0.2000    0.3000    0.4000    0.5000    0.6000    0.7000    0.8000    0.9000    1.0000

tnr
  Columns 1 through 11

    1.0000    1.0000    1.0000    1.0000    1.0000    1.0000    1.0000    1.0000    1.0000    1.0000    1.0000

  Columns 12 through 21

    1.0000    0.9000    0.8000    0.7000    0.6000    0.5000    0.4000    0.3000    0.2000    0.1000

  Columns 1 through 11

         0         0         0         0         0         0         0         0         0         0         0

  Columns 12 through 21

    0.1000    0.2000    0.3000    0.4000    0.5000    0.6000    0.7000    0.8000    0.9000    1.0000

 
bc3
  -25.2365    0.5177   -6.5240   13.1166    6.0869

     0
     0
     0
     0
     0
     0
     0
     0
     0
     0
     1
     1
     1
     1
     1
     1
     1
     1
     1
     1

    1.0000    0.0000
    1.0000    0.0000
    1.0000    0.0000
    1.0000    0.0000
    1.0000    0.0000
    1.0000    0.0000
    1.0000    0.0000
    1.0000    0.0000
    1.0000    0.0000
    1.0000    0.0000
    0.0000    1.0000
    0.0000    1.0000
    0.0000    1.0000
    0.0000    1.0000
    0.0000    1.0000
    0.0000    1.0000
    0.0000    1.0000
    0.0000    1.0000
    0.0008    0.9992
    0.0000    1.0000

     1

    10     0     0    10

    10     0
     0    10

     0

tpr
  Columns 1 through 11

         0    0.1000    0.2000    0.3000    0.4000    0.5000    0.6000    0.7000    0.8000    0.9000    1.0000

  Columns 12 through 21

    1.0000    1.0000    1.0000    1.0000    1.0000    1.0000    1.0000    1.0000    1.0000    1.0000

fpr
  Columns 1 through 11

         0         0         0         0         0         0         0         0         0         0         0

  Columns 12 through 21

    0.1000    0.2000    0.3000    0.4000    0.5000    0.6000    0.7000    0.8000    0.9000    1.0000

tnr
  Columns 1 through 11

    1.0000    1.0000    1.0000    1.0000    1.0000    1.0000    1.0000    1.0000    1.0000    1.0000    1.0000

  Columns 12 through 21

    1.0000    0.9000    0.8000    0.7000    0.6000    0.5000    0.4000    0.3000    0.2000    0.1000

  Columns 1 through 11

         0         0         0         0         0         0         0         0         0         0         0

  Columns 12 through 21

    0.1000    0.2000    0.3000    0.4000    0.5000    0.6000    0.7000    0.8000    0.9000    1.0000

 
bc4
   -2.0652   -4.2304   -3.2806    5.9061    5.4176

     1
     1
     1
     1
     1
     1
     1
     1
     1
     1
     2
     2
     2
     2
     2
     2
     2
     2
     2
     2

    0.7980    0.2020
    0.9507    0.0493
    0.9933    0.0067
    0.9971    0.0029
    0.9407    0.0593
    0.9911    0.0089
    0.9790    0.0210
    0.9954    0.0046
    0.9997    0.0003
    0.9838    0.0162
    0.0041    0.9959
    0.2393    0.7607
    0.0070    0.9930
    0.0025    0.9975
    0.0025    0.9975
    0.0511    0.9489
    0.0519    0.9481
    0.1051    0.8949
    0.0074    0.9926
    0.0471    0.9529

     1

    10     0     0    10

    10     0
     0    10

     0

tpr
  Columns 1 through 11

         0    0.1000    0.2000    0.3000    0.4000    0.5000    0.6000    0.7000    0.8000    0.9000    1.0000

  Columns 12 through 21

    1.0000    1.0000    1.0000    1.0000    1.0000    1.0000    1.0000    1.0000    1.0000    1.0000

fpr
  Columns 1 through 11

         0         0         0         0         0         0         0         0         0         0         0

  Columns 12 through 21

    0.1000    0.2000    0.3000    0.4000    0.5000    0.6000    0.7000    0.8000    0.9000    1.0000

tnr
  Columns 1 through 11

    1.0000    1.0000    1.0000    1.0000    1.0000    1.0000    1.0000    1.0000    1.0000    1.0000    1.0000

  Columns 12 through 21

    1.0000    0.9000    0.8000    0.7000    0.6000    0.5000    0.4000    0.3000    0.2000    0.1000

  Columns 1 through 11

         0         0         0         0         0         0         0         0         0         0         0

  Columns 12 through 21

    0.1000    0.2000    0.3000    0.4000    0.5000    0.6000    0.7000    0.8000    0.9000    1.0000

 
bc5
   -3.5081   -4.0990   -3.3453    5.9273    5.8203

     1
     1
     1
     1
     1
     1
     1
     1
     1
     1
     2
     2
     2
     2
     2
     2
     2
     2
     2
     2

    0.8437    0.1563
    0.9583    0.0417
    0.9950    0.0050
    0.9982    0.0018
    0.9541    0.0459
    0.9935    0.0065
    0.9839    0.0161
    0.9962    0.0038
    0.9998    0.0002
    0.9875    0.0125
    0.0030    0.9970
    0.1894    0.8106
    0.0069    0.9931
    0.0019    0.9981
    0.0018    0.9982
    0.0391    0.9609
    0.0474    0.9526
    0.0932    0.9068
    0.0061    0.9939
    0.0484    0.9516

     1

    10     0     0    10

    10     0
     0    10

     0

tpr
  Columns 1 through 11

         0    0.1000    0.2000    0.3000    0.4000    0.5000    0.6000    0.7000    0.8000    0.9000    1.0000

  Columns 12 through 21

    1.0000    1.0000    1.0000    1.0000    1.0000    1.0000    1.0000    1.0000    1.0000    1.0000

fpr
  Columns 1 through 11

         0         0         0         0         0         0         0         0         0         0         0

  Columns 12 through 21

    0.1000    0.2000    0.3000    0.4000    0.5000    0.6000    0.7000    0.8000    0.9000    1.0000

tnr
  Columns 1 through 11

    1.0000    1.0000    1.0000    1.0000    1.0000    1.0000    1.0000    1.0000    1.0000    1.0000    1.0000

  Columns 12 through 21

    1.0000    0.9000    0.8000    0.7000    0.6000    0.5000    0.4000    0.3000    0.2000    0.1000

  Columns 1 through 11

         0         0         0         0         0         0         0         0         0         0         0

  Columns 12 through 21

    0.1000    0.2000    0.3000    0.4000    0.5000    0.6000    0.7000    0.8000    0.9000    1.0000

 
bc6
  -15.6380   -3.3990   -2.6764    6.8205    6.5928

     1
     1
     1
     1
     1
     1
     1
     1
     1
     1
     2
     2
     2
     2
     2
     2
     2
     2
     2
     2

    0.9667    0.0333
    0.9780    0.0220
    0.9992    0.0008
    0.9999    0.0001
    0.9908    0.0092
    0.9985    0.0015
    0.9962    0.0038
    0.9986    0.0014
    1.0000    0.0000
    0.9975    0.0025
    0.0007    0.9993
    0.0717    0.9283
    0.0087    0.9913
    0.0003    0.9997
    0.0003    0.9997
    0.0149    0.9851
    0.0528    0.9472
    0.0526    0.9474
    0.0021    0.9979
    0.0507    0.9493

     1

    10     0     0    10

    10     0
     0    10

     0

tpr
  Columns 1 through 11

         0    0.1000    0.2000    0.3000    0.4000    0.5000    0.6000    0.7000    0.8000    0.9000    1.0000

  Columns 12 through 21

    1.0000    1.0000    1.0000    1.0000    1.0000    1.0000    1.0000    1.0000    1.0000    1.0000

fpr
  Columns 1 through 11

         0         0         0         0         0         0         0         0         0         0         0

  Columns 12 through 21

    0.1000    0.2000    0.3000    0.4000    0.5000    0.6000    0.7000    0.8000    0.9000    1.0000

tnr
  Columns 1 through 11

    1.0000    1.0000    1.0000    1.0000    1.0000    1.0000    1.0000    1.0000    1.0000    1.0000    1.0000

  Columns 12 through 21

    1.0000    0.9000    0.8000    0.7000    0.6000    0.5000    0.4000    0.3000    0.2000    0.1000

  Columns 1 through 11

         0         0         0         0         0         0         0         0         0         0         0

  Columns 12 through 21

    0.1000    0.2000    0.3000    0.4000    0.5000    0.6000    0.7000    0.8000    0.9000    1.0000

 
ibc
   -0.4287   -1.0156   -2.2882    4.4674    1.3997

     0
     0
     0
     0
     0
     0
     0
     0
     0
     0
     0
     0
     0
     0
     0
     0
     0
     0
     0
     0
     0
     0
     0
     0
     0
     0
     0
     0
     0
     0
     0
     0
     0
     0
     0
     0
     0
     0
     0
     0
     1
     1
     1
     1
     1
     1
     1
     1
     1
     1
     1
     1
     1
     1
     1
     1
     1
     1
     1
     1
     1
     1
     1
     1
     1
     1
     1
     1
     1
     1
     1
     1
     1
     1
     1
     1
     1
     1
     1
     1

    0.9992    0.0008
    0.9968    0.0032
    0.9984    0.0016
    0.9946    0.0054
    0.9993    0.0007
    0.9987    0.0013
    0.9980    0.0020
    0.9982    0.0018
    0.9933    0.0067
    0.9965    0.0035
    0.9994    0.0006
    0.9965    0.0035
    0.9969    0.0031
    0.9986    0.0014
    0.9999    0.0001
    0.9999    0.0001
    0.9998    0.0002
    0.9990    0.0010
    0.9990    0.0010
    0.9992    0.0008
    0.9970    0.0030
    0.9989    0.0011
    0.9998    0.0002
    0.9923    0.0077
    0.9868    0.0132
    0.9929    0.0071
    0.9962    0.0038
    0.9988    0.0012
    0.9990    0.0010
    0.9939    0.0061
    0.9931    0.0069
    0.9984    0.0016
    0.9997    0.0003
    0.9999    0.0001
    0.9960    0.0040
    0.9992    0.0008
    0.9996    0.0004
    0.9993    0.0007
    0.9966    0.0034
    0.9984    0.0016
    0.0003    0.9997
    0.0004    0.9996
    0.0001    0.9999
    0.0002    0.9998
    0.0001    0.9999
    0.0001    0.9999
    0.0001    0.9999
    0.0052    0.9948
    0.0002    0.9998
    0.0006    0.9994
    0.0010    0.9990
    0.0005    0.9995
    0.0004    0.9996
    0.0001    0.9999
    0.0058    0.9942
    0.0007    0.9993
    0.0001    0.9999
    0.0007    0.9993
    0.0000    1.0000
    0.0008    0.9992
    0.0000    1.0000
    0.0013    0.9987
    0.0000    1.0000
    0.0001    0.9999
    0.0006    0.9994
    0.0005    0.9995
    0.0001    0.9999
    0.0000    1.0000
    0.0001    0.9999
    0.0076    0.9924
    0.0009    0.9991
    0.0016    0.9984
    0.0014    0.9986
    0.0000    1.0000
    0.0001    0.9999
    0.0003    0.9997
    0.0002    0.9998
    0.0001    0.9999
    0.0008    0.9992
    0.0004    0.9996

     1

    40     0     0    40

    40     0
     0    40

     0

tpr
  Columns 1 through 11

         0    0.0250    0.0500    0.0750    0.1000    0.1250    0.1500    0.1750    0.2000    0.2250    0.2500

  Columns 12 through 22

    0.2750    0.3000    0.3250    0.3500    0.3750    0.4000    0.4250    0.4500    0.4750    0.5000    0.5250

  Columns 23 through 33

    0.5500    0.5750    0.6000    0.6250    0.6500    0.6750    0.7000    0.7250    0.7500    0.7750    0.8000

  Columns 34 through 44

    0.8250    0.8500    0.8750    0.9000    0.9250    0.9500    0.9750    1.0000    1.0000    1.0000    1.0000

  Columns 45 through 55

    1.0000    1.0000    1.0000    1.0000    1.0000    1.0000    1.0000    1.0000    1.0000    1.0000    1.0000

  Columns 56 through 66

    1.0000    1.0000    1.0000    1.0000    1.0000    1.0000    1.0000    1.0000    1.0000    1.0000    1.0000

  Columns 67 through 77

    1.0000    1.0000    1.0000    1.0000    1.0000    1.0000    1.0000    1.0000    1.0000    1.0000    1.0000

  Columns 78 through 81

    1.0000    1.0000    1.0000    1.0000

fpr
  Columns 1 through 11

         0         0         0         0         0         0         0         0         0         0         0

  Columns 12 through 22

         0         0         0         0         0         0         0         0         0         0         0

  Columns 23 through 33

         0         0         0         0         0         0         0         0         0         0         0

  Columns 34 through 44

         0         0         0         0         0         0         0         0    0.0250    0.0500    0.0750

  Columns 45 through 55

    0.1000    0.1250    0.1500    0.1750    0.2000    0.2250    0.2500    0.2750    0.3000    0.3250    0.3500

  Columns 56 through 66

    0.3750    0.4000    0.4250    0.4500    0.4750    0.5000    0.5250    0.5500    0.5750    0.6000    0.6250

  Columns 67 through 77

    0.6500    0.6750    0.7000    0.7250    0.7500    0.7750    0.8000    0.8250    0.8500    0.8750    0.9000

  Columns 78 through 81

    0.9250    0.9500    0.9750    1.0000

tnr
  Columns 1 through 11

    1.0000    1.0000    1.0000    1.0000    1.0000    1.0000    1.0000    1.0000    1.0000    1.0000    1.0000

  Columns 12 through 22

    1.0000    1.0000    1.0000    1.0000    1.0000    1.0000    1.0000    1.0000    1.0000    1.0000    1.0000

  Columns 23 through 33

    1.0000    1.0000    1.0000    1.0000    1.0000    1.0000    1.0000    1.0000    1.0000    1.0000    1.0000

  Columns 34 through 44

    1.0000    1.0000    1.0000    1.0000    1.0000    1.0000    1.0000    1.0000    1.0000    0.9750    0.9500

  Columns 45 through 55

    0.9250    0.9000    0.8750    0.8500    0.8250    0.8000    0.7750    0.7500    0.7250    0.7000    0.6750

  Columns 56 through 66

    0.6500    0.6250    0.6000    0.5750    0.5500    0.5250    0.5000    0.4750    0.4500    0.4250    0.4000

  Columns 67 through 77

    0.3750    0.3500    0.3250    0.3000    0.2750    0.2500    0.2250    0.2000    0.1750    0.1500    0.1250

  Columns 78 through 81

    0.1000    0.0750    0.0500    0.0250

  Columns 1 through 11

         0         0         0         0         0         0         0         0         0         0         0

  Columns 12 through 22

         0         0         0         0         0         0         0         0         0         0         0

  Columns 23 through 33

         0         0         0         0         0         0         0         0         0         0         0

  Columns 34 through 44

         0         0         0         0         0         0         0         0    0.0250    0.0500    0.0750

  Columns 45 through 55

    0.1000    0.1250    0.1500    0.1750    0.2000    0.2250    0.2500    0.2750    0.3000    0.3250    0.3500

  Columns 56 through 66

    0.3750    0.4000    0.4250    0.4500    0.4750    0.5000    0.5250    0.5500    0.5750    0.6000    0.6250

  Columns 67 through 77

    0.6500    0.6750    0.7000    0.7250    0.7500    0.7750    0.8000    0.8250    0.8500    0.8750    0.9000

  Columns 78 through 81

    0.9250    0.9500    0.9750    1.0000

 
ibc2
   -0.4361   -0.9458   -2.0646    3.9426    1.7708

     0
     0
     0
     0
     0
     0
     0
     0
     0
     0
     0
     0
     0
     0
     0
     0
     0
     0
     0
     0
     0
     0
     0
     0
     0
     0
     0
     0
     0
     0
     0
     0
     0
     0
     0
     0
     0
     0
     0
     0
     1
     1
     1
     1
     1
     1
     1
     1
     1
     1
     1
     1
     1
     1
     1
     1
     1
     1
     1
     1
     1
     1
     1
     1
     1
     1
     1
     1
     1
     1
     1
     1
     1
     1
     1
     1
     1
     1
     1
     1

    0.9987    0.0013
    0.9955    0.0045
    0.9975    0.0025
    0.9927    0.0073
    0.9988    0.0012
    0.9979    0.0021
    0.9968    0.0032
    0.9973    0.0027
    0.9911    0.0089
    0.9954    0.0046
    0.9990    0.0010
    0.9952    0.0048
    0.9958    0.0042
    0.9979    0.0021
    0.9999    0.0001
    0.9997    0.0003
    0.9996    0.0004
    0.9984    0.0016
    0.9984    0.0016
    0.9987    0.0013
    0.9960    0.0040
    0.9981    0.0019
    0.9996    0.0004
    0.9888    0.0112
    0.9845    0.0155
    0.9910    0.0090
    0.9943    0.0057
    0.9982    0.0018
    0.9985    0.0015
    0.9920    0.0080
    0.9911    0.0089
    0.9974    0.0026
    0.9996    0.0004
    0.9998    0.0002
    0.9945    0.0055
    0.9988    0.0012
    0.9994    0.0006
    0.9989    0.0011
    0.9951    0.0049
    0.9976    0.0024
    0.0006    0.9994
    0.0007    0.9993
    0.0002    0.9998
    0.0005    0.9995
    0.0002    0.9998
    0.0002    0.9998
    0.0003    0.9997
    0.0085    0.9915
    0.0004    0.9996
    0.0010    0.9990
    0.0019    0.9981
    0.0009    0.9991
    0.0010    0.9990
    0.0001    0.9999
    0.0084    0.9916
    0.0013    0.9987
    0.0002    0.9998
    0.0016    0.9984
    0.0001    0.9999
    0.0016    0.9984
    0.0001    0.9999
    0.0023    0.9977
    0.0000    1.0000
    0.0002    0.9998
    0.0011    0.9989
    0.0010    0.9990
    0.0002    0.9998
    0.0001    0.9999
    0.0002    0.9998
    0.0124    0.9876
    0.0018    0.9982
    0.0031    0.9969
    0.0025    0.9975
    0.0000    1.0000
    0.0002    0.9998
    0.0006    0.9994
    0.0003    0.9997
    0.0002    0.9998
    0.0014    0.9986
    0.0007    0.9993

     1

    40     0     0    40

    40     0
     0    40

     0

tpr
  Columns 1 through 11

         0    0.0250    0.0500    0.0750    0.1000    0.1250    0.1500    0.1750    0.2000    0.2250    0.2500

  Columns 12 through 22

    0.2750    0.3000    0.3250    0.3500    0.3750    0.4000    0.4250    0.4500    0.4750    0.5000    0.5250

  Columns 23 through 33

    0.5500    0.5750    0.6000    0.6250    0.6500    0.6750    0.7000    0.7250    0.7500    0.7750    0.8000

  Columns 34 through 44

    0.8250    0.8500    0.8750    0.9000    0.9250    0.9500    0.9750    1.0000    1.0000    1.0000    1.0000

  Columns 45 through 55

    1.0000    1.0000    1.0000    1.0000    1.0000    1.0000    1.0000    1.0000    1.0000    1.0000    1.0000

  Columns 56 through 66

    1.0000    1.0000    1.0000    1.0000    1.0000    1.0000    1.0000    1.0000    1.0000    1.0000    1.0000

  Columns 67 through 77

    1.0000    1.0000    1.0000    1.0000    1.0000    1.0000    1.0000    1.0000    1.0000    1.0000    1.0000

  Columns 78 through 81

    1.0000    1.0000    1.0000    1.0000

fpr
  Columns 1 through 11

         0         0         0         0         0         0         0         0         0         0         0

  Columns 12 through 22

         0         0         0         0         0         0         0         0         0         0         0

  Columns 23 through 33

         0         0         0         0         0         0         0         0         0         0         0

  Columns 34 through 44

         0         0         0         0         0         0         0         0    0.0250    0.0500    0.0750

  Columns 45 through 55

    0.1000    0.1250    0.1500    0.1750    0.2000    0.2250    0.2500    0.2750    0.3000    0.3250    0.3500

  Columns 56 through 66

    0.3750    0.4000    0.4250    0.4500    0.4750    0.5000    0.5250    0.5500    0.5750    0.6000    0.6250

  Columns 67 through 77

    0.6500    0.6750    0.7000    0.7250    0.7500    0.7750    0.8000    0.8250    0.8500    0.8750    0.9000

  Columns 78 through 81

    0.9250    0.9500    0.9750    1.0000

tnr
  Columns 1 through 11

